STEAM_SEED_MARKOV_V1
LGVNYMEFKHTQASRCIPWD
229.97939444911691
0.053447387929375367 0.044784145098402603 0.047638034513974525 0.042692065064758256 0.069379450570599688 0.054961651139417353 0.051399412649421557 0.048355293639649015 0.04359287124619541 0.044648266816830727 0.054190040701114113 0.039984300489696416 0.055259692353750417 0.047915582610431176 0.041345756320790357 0.050698191615998173 0.042156570984596305 0.056364984211389184 0.05299074780278136 0.058195554240827993
0.11498779861531475 0.022012784873691439 0.00071188470013222843 0.0077165445284392261 0.3605512849458366 0.096100048041419431 0.0068465076319016906 0.082691306874536324 0.0056301324626046321 0.014387170279769861 0.13388430720923467 0.00025809432278706097 0.0080203225696323377 0.027661275498824387 0.00040077860750337954 0.001081107502680018 0.041662908043907418 0.012537204505670823 0.0056065681900201586 0.057251970596093479
0.044737214764834922 0.056483063573556654 0.04254211137949538 0.020900852061323697 0.012868359218670588 0.22766264343434905 0.1213054767666539 0.029578035680250435 0.0166328120130931 0.018178756286013963 0.17519729347814053 0.0030794974471438216 0.03245148583755908 0.067323769512667123 0.0023717231952452805 0.0016755152163261393 0.017719525424026602 0.07538321532255203 0.008776375353584661 0.025132274034512906
0.0062328983042518708 0.0086960599317916828 0.01022419951351208 0.0020229406980243774 0.019253325482989341 0.013740000122047067 0.0017527903456602757 0.0039171073528653641 0.0055750246705802437 0.0040007587915647782 0.0087071947444216386 0.00053231573629414284 0.56433376000531443 0.0024831383527380542 0.0014978671183229692 0.011480595333142645 0.013728228179336024 0.067131451783775775 0.2460480006649865 0.0086423428683806112
0.022071743326605102 0.012479736221544741 0.0026292460443328022 0.02103638683566526 0.003833862992803823 0.010926974996846278 0.0021813057724126643 0.28940660884586589 0.10702486624255086 0.015704268789968761 0.018471660396485561 0.0042868887266615235 0.0022238533382770514 0.0067721864573889248 0.0065829767719579628 0.19022836949745184 0.020347533904011308 0.25457467414908347 0.0030373466241879177 0.0061795100658980917
0.022222383415510531 0.020399019043904214 0.0032823248210028114 0.0068011330770024409 0.18357358359215986 0.07964568082140086 0.0053023971018931939 0.03845727380649417 0.0061894577890227332 0.13269934587622248 0.14987687683086875 0.00024866251355020608 0.021768710324494608 0.026070035994870192 0.0011698215609716059 0.0039668839554266762 0.021280182692285422 0.17263194550222496 0.0079537129631611671 0.096460568317532927
0.050380356773717272 0.11371587338262422 0.0029135379685220793 0.081244915703281392 0.035109416142908453 0.15078822670515984 0.014046000624144553 0.055077817387558459 0.020167238462372093 0.036873366772552929 0.11866944799801935 0.0031087293816078466 0.041933546097690746 0.018931983692271618 0.0041157295871919568 0.0028321871118776802 0.040801846015614804 0.017983885830503123 0.012196410101791372 0.17910948426059009
0.070680999737346373 0.0049323045641054032 0.16818906669119038 0.0027085223062871958 0.032729312555467453 0.081320669396921855 0.039934930155578419 0.03319466297723421 0.087537319194574525 0.011220387407600761 0.01052722646575433 0.030240230731902528 0.015373770552268363 0.011707327829667082 0.00065857419033173929 0.0010684045565523105 0.066857537315392762 0.001052018444685749 0.3095160573829322 0.020550677544206222
0.14238110947229343 0.0045616289176242083 0.0064056259108154542 0.018543969926549622 0.023959476721676559 0.023247082550836365 0.015190458086412589 0.043348914710646891 0.0060822727915211747 0.034610179326730661 0.038225141263459848 0.0015097997622825295 0.040243939071877614 0.32842317161471651 0.0039710843768277163 0.0022399458372797739 0.02199116176843878 0.184173132330647 0.0087662554032689865 0.052125650156094196
0.05857536901380455 0.0052745437148707525 0.0013414679590067454 0.025782417780363401 0.013751294205138466 0.080118616591265915 0.064055439906708603 0.021460649114135495 0.040052365394287213 0.022658426795360904 0.013850621301324762 0.16156485608344473 0.010849375570811778 0.21145431024341782 0.0053557905236318306 0.0018542902901312239 0.17362238018643594 0.0032691105182825861 0.0088308609487502999 0.076277813858826815
0.03117608402431888 0.018178778385012317 0.3896669972399664 0.0055423863641487457 0.013029413241416149 0.017671377101645059 0.035231173280188877 0.089849937627960896 0.028906632212493368 0.06605560792856266 0.00507520453111069 0.070619609094003596 0.0053750855934620078 0.017490169028900007 0.013463324860668814 0.01452401797836721 0.027198241266391223 0.018830371284716242 0.10678207005180305 0.025333518904863767
0.01154946901175115 0.066734356197268793 0.0027799026132292459 0.28810441590278268 0.019802480784826944 0.04238791834352873 0.025516393750538685 0.1118776598327942 0.0036264856249479632 0.062070354243121954 0.15835390146264722 0.0003520579584584513 0.0025508365044589532 0.031594622946880056 0.0091866983229942877 0.00018108056125952092 0.015405471180551876 0.0068612922570060681 0.0040804459567003008 0.13698415654425281
0.030026849019845606 0.014175962226677604 0.048259654941823403 0.0016924928256313409 0.0024340472683557208 0.017900840741655207 0.13901861291826964 0.012794711507465202 0.33364026501220351 0.0033424685733302491 0.0011043423108493154 0.014330929827799134 0.015181395798656684 0.0088268018061591208 0.0012463711812756716 0.0062082205460457854 0.087122925608208598 0.00089306189880104965 0.25303782589505425 0.0087622200918929197
0.0082106719170300206 0.3279022202324875 0.00080040735666903518 0.049251414253254071 0.010987701726238489 0.014390746699961078 0.044723104703246738 0.014777939511055689 0.003905845418715209 0.036406744146442037 0.014617107781522164 0.008645288171043727 0.01367898205784349 0.017697918850520983 0.065639069750593831 0.28352002753285921 0.02125605147231769 0.02285992897793564 0.0037617676817230366 0.036967061758540268
0.038714229296281398 0.03346442025543666 0.012425567566443993 0.045461233663959863 0.41193556363562256 0.074929846031440567 0.023323495579146942 0.028943995393827013 0.041723345210206701 0.0093301604785489302 0.034705978101272635 0.001135396746770393 0.0030305774304085291 0.026678707169911053 0.0012102252633550761 0.0017899227577004889 0.12338236431060069 0.0068713800949357041 0.023146677370832487 0.057796913643298212
0.00062559466245704141 0.012398953727585786 0.24917533301038847 0.0049756937073247194 0.00054284101841602192 0.0048706043074140644 0.049094266318900563 0.0024990530894916396 0.14640787590684234 0.0027029472036406948 0.00015172912471205405 0.12798474161308518 0.00033510583533079443 0.0010445617596281981 0.012171973402064334 0.34944317041038025 0.0095650075566104126 0.0038689890293704915 0.020071317305768624 0.0020702410105881853
0.00036086486559339494 0.0024418153795633659 0.037229280806016139 0.0048929665249175802 0.00011763414386999035 0.00161764419607571 0.29599258383274302 0.00091353876187574552 0.0054379067845117066 0.022712952325747417 0.00015889884465825722 0.38927130744163174 0.00066872155356942017 0.01222208046651092 0.19822002965658012 0.010333406238916057 0.010867900317376715 0.00080071787925371698 0.0010461554645676946 0.0046935945160211275
0.3509825171879723 0.012993896940625752 0.023517803268272873 0.014351298347261449 0.041906367965580865 0.050824776783209263 0.041881336928649343 0.030540561446453084 0.039461018780961768 0.033446412480892952 0.023635883191509454 0.0142658585295999 0.015075320036142816 0.090869109143732238 0.010171395240396062 0.0056649088634656867 0.068962024159246516 0.0099836347787054594 0.029194307816691474 0.092271568110630614
0.00019022775975552659 0.0038955770934422543 0.0074051606431060537 0.15760156995187821 0.00034291170273073731 0.0021742334286183056 0.091767195841622656 0.0016910786304329749 0.00089998069522650439 0.24082522280095428 0.00069616604214137927 0.012375221778828188 0.00019051422895567752 0.0064093696337715169 0.42107081425408349 0.015443454470842746 0.0081235082742789448 0.0067110363770912758 0.00042725912221150923 0.021759497270027874
0.015909634452666029 0.083274780842478996 0.00097018011149232379 0.0039486001831549305 0.015279337550524212 0.023303168585510421 0.010144894656355928 0.015596501745968239 0.0074259562937809007 0.013047051679829991 0.03076383539670528 0.0010364067148000095 0.30720173855009936 0.0058231209733825813 0.0047079563419004412 0.15841545806114071 0.025056488795466902 0.23118450533973822 0.015546645299495766 0.03136373842550863
0.097729766200272752 0.02360867980284553 0.034384848929289315 0.039610083872643628 0.10500082929188052 0.071785003646041096 0.037221958348129955 0.078759689722766174 0.073016524768953275 0.037220917596783747 0.073973945557239476 0.0024572954770441038 0.012387503806553886 0.014444397173122405 0.0056254772393662181 0.0032759909649774923 0.064067360882250804 0.0078862251008527135 0.055806097112259166 0.16173740450672761
